# Created by Octave 3.8.1, Thu Sep 25 15:27:31 2014 CEST <tai@Parme>
# name: delay
# type: matrix
# rows: 1
# columns: 2
 99.29873552188553 66.70973871149594


