# Created by Octave 3.8.1, Thu Sep 25 15:27:31 2014 CEST <tai@Parme>
# name: pdr
# type: matrix
# rows: 13
# columns: 2
 225 1
 375 1
 525 1
 675 1
 825 1
 975 1
 1125 1
 1275 1
 1425 1
 1575 1
 1725 1
 1875 1
 2025 1


