# Created by Octave 3.8.1, Fri Sep 12 14:37:46 2014 CEST <tai@Parme>
# name: delay
# type: scalar
459.9007688684454


