# Created by Octave 3.8.1, Fri Sep 12 14:37:46 2014 CEST <tai@Parme>
# name: pdr
# type: matrix
# rows: 21
# columns: 2
 50 0.5
 150 1
 250 1
 350 1
 450 1
 550 1
 650 1
 750 1
 850 1
 950 1
 1050 1
 1150 1
 1250 1
 1350 1
 1450 1
 1550 1
 1650 1
 1750 1
 1850 1
 1950 1
 2050 1


