# Created by Octave 3.8.1, Fri Sep 12 14:38:39 2014 CEST <tai@Parme>
# name: delay
# type: scalar
156.0420815028002


