# Created by Octave 3.8.1, Fri Sep 12 14:35:49 2014 CEST <tai@Parme>
# name: presence
# type: matrix
# rows: 21
# columns: 2
 50 12
 150 18
 250 14
 350 16
 450 15
 550 15
 650 16
 750 14
 850 17
 950 14
 1050 17
 1150 13
 1250 18
 1350 14
 1450 16
 1550 14
 1650 16
 1750 15
 1850 15
 1950 18
 2050 12


