# Created by Octave 3.8.1, Thu Sep 25 15:28:50 2014 CEST <tai@Parme>
# name: delay
# type: matrix
# rows: 1
# columns: 2
 321.3445762898158 141.8248460119689


