# Created by Octave 3.8.1, Thu Sep 25 15:31:22 2014 CEST <tai@Parme>
# name: delay
# type: matrix
# rows: 1
# columns: 2
 441.4060035133288 286.041178150388


