# Created by Octave 3.8.1, Mon Sep 22 13:22:45 2014 CEST <tai@Parme>
# name: delay
# type: scalar
370.3286572544764


