# Created by Octave 3.8.1, Sat Sep 13 17:14:23 2014 CEST <tai@Parme>
# name: delay
# type: scalar
639.6054013944066


