# Created by Octave 3.8.1, Mon Sep 15 16:22:49 2014 CEST <tai@Parme>
# name: delay
# type: scalar
639.6054013944066


