# Created by Octave 3.2.4, Mon Sep 15 16:12:08 2014 CEST <user@instant-contiki>
# name: delay
# type: scalar
577.918538198582
