# Created by Octave 3.2.4, Mon Sep 15 16:12:08 2014 CEST <user@instant-contiki>
# name: energy
# type: matrix
# rows: 13
# columns: 2
 225 62.94746666666666
 375 86.18088333333333
 525 111.5167666666667
 675 140.6955666666667
 825 166.1646333333333
 975 189.7889166666666
 1125 213.9992333333334
 1275 256.1417333333333
 1425 284.1005
 1575 311.6488333333334
 1725 344.3495
 1875 372.8228333333333
 2025 399.6473333333333
