# Created by Octave 3.8.1, Mon Sep 15 16:22:49 2014 CEST <tai@Parme>
# name: energy
# type: matrix
# rows: 13
# columns: 2
 225 77.60509999999999
 375 122.91594
 525 161.08802
 675 242.04445
 825 275.2748333333333
 975 300.8646666666667
 1125 251.6002
 1275 380.9292
 1425 407.8542
 1575 425.6982
 1725 451.0076000000001
 1875 473.9552
 2025 498.7817999999999


