# Created by Octave 3.2.4, Mon Sep 15 16:12:08 2014 CEST <user@instant-contiki>
# name: overhead
# type: matrix
# rows: 13
# columns: 2
 225 26.66666666666667
 375 28.5
 525 32.5
 675 40.33333333333334
 825 44
 975 45
 1125 53.16666666666666
 1275 59.33333333333334
 1425 61.83333333333334
 1575 65.83333333333333
 1725 72.66666666666667
 1875 74.33333333333333
 2025 74.83333333333333
