# Created by Octave 3.8.1, Sat Sep 13 17:14:24 2014 CEST <tai@Parme>
# name: overhead
# type: matrix
# rows: 13
# columns: 2
 225 195.1666666666667
 375 211.6666666666667
 525 219.5
 675 222.8333333333333
 825 223.6666666666667
 975 224.8333333333333
 1125 226.8333333333333
 1275 228.8333333333333
 1425 253.4
 1575 253.6
 1725 253.8
 1875 254
 2025 254.6


