# Created by Octave 3.2.4, Mon Sep 15 16:12:08 2014 CEST <user@instant-contiki>
# name: pdr
# type: matrix
# rows: 14
# columns: 2
 75 0
 225 0.9761904761904763
 375 0.9814814814814815
 525 0.9848484848484849
 675 0.9871794871794872
 825 0.9888888888888889
 975 0.9901960784313726
 1125 0.9912280701754387
 1275 0.9920634920634921
 1425 0.9927536231884058
 1575 0.9933333333333333
 1725 0.9938271604938271
 1875 0.9942528735632185
 2025 0.9946236559139785
