# Created by Octave 3.8.1, Sat Sep 13 17:14:24 2014 CEST <tai@Parme>
# name: pdr
# type: matrix
# rows: 14
# columns: 2
 75 0.1574073333333333
 225 0.8942308358974358
 375 0.8588800392156863
 525 0.925238180952381
 675 0.8402040340136053
 825 0.8988351806239737
 975 0.9095179444444446
 1125 0.9448948726726727
 1275 0.9008450917843388
 1425 0.8767898968985927
 1575 0.9157754340136055
 1725 0.9213624629575875
 1875 0.9595114636591479
 2025 0.9278419344639156


