# Created by Octave 3.8.1, Sat Sep 13 17:14:24 2014 CEST <tai@Parme>
# name: presence
# type: matrix
# rows: 1
# columns: 2
 2025 2


