# Created by Octave 3.8.1, Mon Sep 15 16:22:49 2014 CEST <tai@Parme>
# name: presence
# type: matrix
# rows: 1
# columns: 2
 2025 2


