# Created by Octave 3.8.1, Fri Sep 12 14:39:13 2014 CEST <tai@Parme>
# name: delay
# type: scalar
576.6885457671159


