# Created by Octave 3.8.1, Fri Sep 12 14:35:48 2014 CEST <tai@Parme>
# name: presence
# type: matrix
# rows: 21
# columns: 2
 50 12
 150 18
 250 12
 350 18
 450 15
 550 15
 650 17
 750 13
 850 17
 950 14
 1050 16
 1150 13
 1250 18
 1350 15
 1450 15
 1550 17
 1650 13
 1750 17
 1850 15
 1950 15
 2050 16


