# Created by Octave 3.8.1, Sat Sep 13 17:29:27 2014 CEST <tai@Parme>
# name: delay
# type: scalar
1179.155588322223


