# Created by Octave 3.8.1, Sat Sep 13 17:29:27 2014 CEST <tai@Parme>
# name: energy
# type: matrix
# rows: 13
# columns: 2
 225 76.04728
 375 187.8174
 525 344.1143333333334
 675 405.3798333333332
 825 506.799
 975 562.614
 1125 645.857
 1275 704.2908
 1425 764.1411999999999
 1575 775.5378333333333
 1725 845.4561666666665
 1875 962.601
 2025 1114.500666666667


