# Created by Octave 3.8.1, Sat Sep 13 17:29:27 2014 CEST <tai@Parme>
# name: overhead
# type: matrix
# rows: 13
# columns: 2
 225 8.666666666666666
 375 13.2
 525 14.16666666666667
 675 16.66666666666667
 825 19.16666666666667
 975 21.16666666666667
 1125 24.4
 1275 26
 1425 27.4
 1575 27.66666666666667
 1725 29
 1875 29.5
 2025 30


