# Created by Octave 3.8.1, Sat Sep 13 17:29:27 2014 CEST <tai@Parme>
# name: pdr
# type: matrix
# rows: 14
# columns: 2
 75 0
 225 0.9570707070707071
 375 1
 525 0.8880624019942907
 675 0.939799331103679
 825 0.9481481481481482
 975 0.9544592030360531
 1125 0.9828571428571429
 1275 0.9846153846153847
 1425 0.9860465116279069
 1575 0.9293617021276596
 1725 0.9346405228758169
 1875 0.9224137931034483
 2025 0.903225806451613


