# Created by Octave 3.8.1, Fri Sep 12 18:31:10 2014 CEST <tai@Parme>
# name: delay
# type: scalar
665.9522673811612


