# Created by Octave 3.8.1, Thu Sep 25 16:49:43 2014 CEST <tai@Parme>
# name: delay
# type: matrix
# rows: 1
# columns: 2
 542.3150407894736 886.2132161535226


